8.04263286589513 7.0
8.018735160131243 2.0
8.270316357076222 1.0
7.743806989779317 1.0
7.877535347074785 15.0
7.416294327625913 3.0
7.898013094147196 0.0
7.533855238913121 0.0
8.144624483869634 7.0
7.784432047390597 8.0
8.442277223104796 4.0
5.629143550119307 12.0
7.660682378905418 11.0
7.817164865693808 7.0
7.737456498090097 12.0
8.102010654878264 8.0
7.601377573495476 0.0
7.95471670977909 0.0
7.851469629228978 11.0
7.599333443688014 14.0
7.566669077515105 1.0
7.639833129920516 19.0
7.219794050039532 17.0
8.154477728652852 11.0
7.7665191272343055 15.0
7.223258133896377 4.0
7.760308881943601 9.0
7.508112839563117 14.0
8.08757545566543 12.0
0.0 0.0
0.0 0.0
8.175506684091864 12.0
8.22165951427571 15.0
7.746747135028977 7.0
8.324490152113395 12.0
7.851911261221463 7.0
7.767664767339581 11.0
7.684145118549326 1.0
7.958157398127773 7.0
7.727602239603206 0.0
8.245335455269577 9.0
7.581710146290357 0.0
7.603957308148891 15.0
7.776000945349298 6.0
8.39378078091202 17.0
8.151790870809926 12.0
7.156322020125701 0.0
7.71386181287407 0.0
8.272179319293139 5.0
7.283245653478125 0.0
